10 10|10 10,14.743804931640625
10 10|20 10,14.629364013671875
10 10|30 10,14.619827270507812
10 10|40 10,13.990402221679688
10 10|50 10,14.4195556640625
10 10|60 10,14.581680297851562
10 10|70 10,14.123916625976562
10 10|80 10,14.829635620117188
10 10|90 10,14.6484375
10 10 10|10 10 10,14.5721435546875
10 10 10|10 20 10,14.400482177734375
10 10 10|10 30 10,15.611648559570314
10 10 10|10 40 10,13.484954833984375
10 10 10|10 50 10,15.096664428710938
10 10 10|10 60 10,15.010833740234375
10 10 10|10 70 10,14.400482177734375
10 10 10|10 80 10,14.76287841796875
10 10 10|10 90 10,14.629364013671875
20 10 10|20 10 10,13.799667358398438
20 10 10|20 20 10,14.019012451171875
20 10 10|20 30 10,14.162063598632812
20 10 10|20 40 10,13.904571533203125
20 10 10|20 50 10,14.486312866210938
20 10 10|20 60 10,14.276504516601562
20 10 10|20 70 10,14.047622680664062
20 10 10|20 80 10,13.942718505859375
20 10 10|20 90 10,13.637542724609375
30 10 10|30 10 10,14.047622680664062
30 10 10|30 20 10,13.256072998046875
30 10 10|30 30 10,14.057159423828125
30 10 10|30 40 10,13.628005981445312
30 10 10|30 50 10,15.048980712890625
30 10 10|30 60 10,14.400482177734375
30 10 10|30 70 10,14.123916625976562
30 10 10|30 80 10,14.801025390625
30 10 10|30 90 10,14.2669677734375
40 10 10|40 10 10,15.487670898437498
40 10 10|40 20 10,13.790130615234375
40 10 10|40 30 10,14.829635620117188
40 10 10|40 40 10,17.995834350585938
40 10 10|40 50 10,14.085769653320312
40 10 10|40 60 10,14.286041259765625
40 10 10|40 70 10,14.352798461914062
40 10 10|40 80 10,14.553070068359375
40 10 10|40 90 10,14.390945434570312
50 10 10|50 10 10,13.875961303710938
50 10 10|50 20 10,13.761520385742188
50 10 10|50 30 10,13.92364501953125
50 10 10|50 40 10,13.46588134765625
50 10 10|50 50 10,13.790130615234375
50 10 10|50 60 10,14.4195556640625
50 10 10|50 70 10,14.104843139648438
50 10 10|50 80 10,15.43998718261719
50 10 10|50 90 10,14.801025390625
60 10 10|60 10 10,13.73291015625
60 10 10|60 20 10,13.84735107421875
60 10 10|60 30 10,13.856887817382812
60 10 10|60 40 10,13.914108276367188
60 10 10|60 50 10,14.181137084960938
60 10 10|60 60 10,14.276504516601562
60 10 10|60 70 10,14.5721435546875
60 10 10|60 80 10,14.83917236328125
60 10 10|60 90 10,15.60211181640625
70 10 10|70 10 10,15.172958374023438
70 10 10|70 20 10,13.799667358398438
70 10 10|70 30 10,14.972686767578125
70 10 10|70 40 10,14.1143798828125
70 10 10|70 50 10,14.657974243164062
70 10 10|70 60 10,15.058517456054688
70 10 10|70 70 10,15.058517456054688
70 10 10|70 80 10,16.546249389648438
70 10 10|70 90 10,15.048980712890625
80 10 10|80 10 10,13.904571533203125
80 10 10|80 20 10,13.904571533203125
80 10 10|80 30 10,20.532608032226562
80 10 10|80 40 10,15.268325805664064
80 10 10|80 50 10,15.392303466796875
80 10 10|80 60 10,16.880035400390625
80 10 10|80 70 10,15.583038330078125
80 10 10|80 80 10,15.830993652343752
80 10 10|80 90 10,16.13616943359375
90 10 10|90 10 10,14.238357543945312
90 10 10|90 20 10,14.028549194335938
90 10 10|90 30 10,14.91546630859375
90 10 10|90 40 10,14.53399658203125
90 10 10|90 50 10,15.354156494140627
90 10 10|90 60 10,15.678405761718752
90 10 10|90 70 10,16.241073608398438
90 10 10|90 80 10,15.802383422851562
90 10 10|90 90 10,15.57350158691406
20 10|10 10,15.039443969726562
20 10|20 10,14.07623291015625
20 10|30 10,14.2669677734375
20 10|40 10,14.76287841796875
20 10|50 10,16.17431640625
20 10|60 10,14.085769653320312
20 10|70 10,13.990402221679688
20 10|80 10,14.553070068359375
20 10|90 10,16.422271728515625
10 20 10|10 10 10,14.019012451171875
10 20 10|10 20 10,15.096664428710938
10 20 10|10 30 10,14.30511474609375
10 20 10|10 40 10,14.286041259765625
10 20 10|10 50 10,14.209747314453125
10 20 10|10 60 10,14.30511474609375
10 20 10|10 70 10,14.286041259765625
10 20 10|10 80 10,14.209747314453125
10 20 10|10 90 10,14.247894287109375
20 20 10|20 10 10,14.200210571289062
20 20 10|20 20 10,13.637542724609375
20 20 10|20 30 10,13.446807861328125
20 20 10|20 40 10,13.723373413085938
20 20 10|20 50 10,14.4195556640625
20 20 10|20 60 10,14.429092407226562
20 20 10|20 70 10,13.9617919921875
20 20 10|20 80 10,14.047622680664062
20 20 10|20 90 10,14.905929565429688
30 20 10|30 10 10,14.562606811523438
30 20 10|30 20 10,14.34326171875
30 20 10|30 30 10,13.666152954101562
30 20 10|30 40 10,14.095306396484375
30 20 10|30 50 10,14.467239379882812
30 20 10|30 60 10,13.84735107421875
30 20 10|30 70 10,14.276504516601562
30 20 10|30 80 10,13.837814331054688
30 20 10|30 90 10,14.438629150390625
40 20 10|40 10 10,13.3514404296875
40 20 10|40 20 10,14.61029052734375
40 20 10|40 30 10,13.980865478515625
40 20 10|40 40 10,14.247894287109375
40 20 10|40 50 10,13.885498046875
40 20 10|40 60 10,14.22882080078125
40 20 10|40 70 10,14.553070068359375
40 20 10|40 80 10,14.30511474609375
40 20 10|40 90 10,15.29693603515625
50 20 10|50 10 10,14.657974243164062
50 20 10|50 20 10,13.570785522460938
50 20 10|50 30 10,14.390945434570312
50 20 10|50 40 10,13.866424560546875
50 20 10|50 50 10,14.438629150390625
50 20 10|50 60 10,14.22882080078125
50 20 10|50 70 10,15.06805419921875
50 20 10|50 80 10,15.020370483398438
50 20 10|50 90 10,16.088485717773438
60 20 10|60 10 10,14.743804931640625
60 20 10|60 20 10,13.6566162109375
60 20 10|60 30 10,14.476776123046875
60 20 10|60 40 10,14.753341674804688
60 20 10|60 50 10,15.010833740234375
60 20 10|60 60 10,15.192031860351562
60 20 10|60 70 10,14.667510986328125
60 20 10|60 80 10,14.944076538085938
60 20 10|60 90 10,15.401840209960936
70 20 10|70 10 10,14.486312866210938
70 20 10|70 20 10,13.685226440429688
70 20 10|70 30 10,14.057159423828125
70 20 10|70 40 10,14.028549194335938
70 20 10|70 50 10,15.306472778320312
70 20 10|70 60 10,14.390945434570312
70 20 10|70 70 10,15.459060668945312
70 20 10|70 80 10,16.880035400390625
70 20 10|70 90 10,16.193389892578125
80 20 10|80 10 10,14.123916625976562
80 20 10|80 20 10,13.713836669921875
80 20 10|80 30 10,14.429092407226562
80 20 10|80 40 10,15.010833740234375
80 20 10|80 50 10,15.211105346679688
80 20 10|80 60 10,19.197463989257812
80 20 10|80 70 10,15.478134155273438
80 20 10|80 80 10,16.069412231445312
80 20 10|80 90 10,15.678405761718752
90 20 10|90 10 10,15.22064208984375
90 20 10|90 20 10,14.286041259765625
90 20 10|90 30 10,15.954971313476562
90 20 10|90 40 10,14.925003051757812
90 20 10|90 50 10,15.163421630859375
90 20 10|90 60 10,16.0980224609375
90 20 10|90 70 10,15.201568603515625
90 20 10|90 80 10,15.697479248046875
90 20 10|90 90 10,16.202926635742188
30 10|10 10,13.952255249023438
30 10|20 10,14.019012451171875
30 10|30 10,13.494491577148438
30 10|40 10,13.713836669921875
30 10|50 10,13.637542724609375
30 10|60 10,13.866424560546875
30 10|70 10,13.885498046875
30 10|80 10,13.332366943359375
30 10|90 10,13.9617919921875
10 30 10|10 10 10,14.495849609375
10 30 10|10 20 10,14.162063598632812
10 30 10|10 30 10,14.562606811523438
10 30 10|10 40 10,13.551712036132812
10 30 10|10 50 10,13.380050659179688
10 30 10|10 60 10,14.123916625976562
10 30 10|10 70 10,13.322830200195312
10 30 10|10 80 10,13.933181762695312
10 30 10|10 90 10,14.438629150390625
20 30 10|20 10 10,14.333724975585938
20 30 10|20 20 10,13.484954833984375
20 30 10|20 30 10,13.799667358398438
20 30 10|20 40 10,13.866424560546875
20 30 10|20 50 10,14.448165893554688
20 30 10|20 60 10,14.448165893554688
20 30 10|20 70 10,14.30511474609375
20 30 10|20 80 10,13.69476318359375
20 30 10|20 90 10,14.600753784179688
30 30 10|30 10 10,13.790130615234375
30 30 10|30 20 10,14.133453369140625
30 30 10|30 30 10,13.523101806640625
30 30 10|30 40 10,15.096664428710938
30 30 10|30 50 10,17.43316650390625
30 30 10|30 60 10,14.45770263671875
30 30 10|30 70 10,14.324188232421875
30 30 10|30 80 10,14.095306396484375
30 30 10|30 90 10,14.61029052734375
40 30 10|40 10 10,14.410018920898438
40 30 10|40 20 10,13.523101806640625
40 30 10|40 30 10,14.5721435546875
40 30 10|40 40 10,14.047622680664062
40 30 10|40 50 10,13.971328735351562
40 30 10|40 60 10,15.707015991210936
40 30 10|40 70 10,14.5721435546875
40 30 10|40 80 10,14.553070068359375
40 30 10|40 90 10,14.944076538085938
50 30 10|50 10 10,13.971328735351562
50 30 10|50 20 10,15.401840209960936
50 30 10|50 30 10,14.333724975585938
50 30 10|50 40 10,14.15252685546875
50 30 10|50 50 10,14.4195556640625
50 30 10|50 60 10,14.772415161132812
50 30 10|50 70 10,16.05987548828125
50 30 10|50 80 10,15.335083007812498
50 30 10|50 90 10,15.611648559570314
60 30 10|60 10 10,19.3023681640625
60 30 10|60 20 10,13.8092041015625
60 30 10|60 30 10,14.705657958984375
60 30 10|60 40 10,14.715194702148438
60 30 10|60 50 10,15.230178833007812
60 30 10|60 60 10,17.633438110351562
60 30 10|60 70 10,16.489028930664062
60 30 10|60 80 10,15.850067138671877
60 30 10|60 90 10,16.794204711914062
70 30 10|70 10 10,14.247894287109375
70 30 10|70 20 10,15.316009521484373
70 30 10|70 30 10,14.715194702148438
70 30 10|70 40 10,14.896392822265625
70 30 10|70 50 10,15.954971313476562
70 30 10|70 60 10,15.230178833007812
70 30 10|70 70 10,16.28875732421875
70 30 10|70 80 10,16.193389892578125
70 30 10|70 90 10,17.805099487304688
80 30 10|80 10 10,14.2669677734375
80 30 10|80 20 10,15.554428100585936
80 30 10|80 30 10,14.896392822265625
80 30 10|80 40 10,15.125274658203125
80 30 10|80 50 10,15.325546264648438
80 30 10|80 60 10,16.527175903320312
80 30 10|80 70 10,16.307830810546875
80 30 10|80 80 10,16.13616943359375
80 30 10|80 90 10,17.147064208984375
90 30 10|90 10 10,14.543533325195312
90 30 10|90 20 10,16.002655029296875
90 30 10|90 30 10,14.61029052734375
90 30 10|90 40 10,15.249252319335938
90 30 10|90 50 10,15.87867736816406
90 30 10|90 60 10,15.735626220703125
90 30 10|90 70 10,16.231536865234375
90 30 10|90 80 10,17.261505126953125
90 30 10|90 90 10,16.660690307617188
40 10|10 10,14.696121215820312
40 10|20 10,14.657974243164062
40 10|30 10,13.980865478515625
40 10|40 10,14.638900756835938
40 10|50 10,14.68658447265625
40 10|60 10,13.952255249023438
40 10|70 10,13.980865478515625
40 10|80 10,14.22882080078125
40 10|90 10,14.76287841796875
10 40 10|10 10 10,14.600753784179688
10 40 10|10 20 10,14.352798461914062
10 40 10|10 30 10,17.0135498046875
10 40 10|10 40 10,13.92364501953125
10 40 10|10 50 10,14.76287841796875
10 40 10|10 60 10,14.200210571289062
10 40 10|10 70 10,14.476776123046875
10 40 10|10 80 10,14.45770263671875
10 40 10|10 90 10,14.696121215820312
20 40 10|20 10 10,14.61029052734375
20 40 10|20 20 10,13.494491577148438
20 40 10|20 30 10,14.028549194335938
20 40 10|20 40 10,14.362335205078125
20 40 10|20 50 10,13.494491577148438
20 40 10|20 60 10,13.84735107421875
20 40 10|20 70 10,13.9617919921875
20 40 10|20 80 10,14.83917236328125
20 40 10|20 90 10,14.057159423828125
30 40 10|30 10 10,13.885498046875
30 40 10|30 20 10,13.561248779296875
30 40 10|30 30 10,13.790130615234375
30 40 10|30 40 10,14.104843139648438
30 40 10|30 50 10,14.276504516601562
30 40 10|30 60 10,13.69476318359375
30 40 10|30 70 10,14.07623291015625
30 40 10|30 80 10,15.544891357421875
30 40 10|30 90 10,14.543533325195312
40 40 10|40 10 10,13.799667358398438
40 40 10|40 20 10,14.30511474609375
40 40 10|40 30 10,15.60211181640625
40 40 10|40 40 10,20.6756591796875
40 40 10|40 50 10,14.4195556640625
40 40 10|40 60 10,14.45770263671875
40 40 10|40 70 10,14.553070068359375
40 40 10|40 80 10,15.459060668945312
40 40 10|40 90 10,15.153884887695312
50 40 10|50 10 10,13.513565063476562
50 40 10|50 20 10,14.1143798828125
50 40 10|50 30 10,14.34326171875
50 40 10|50 40 10,15.192031860351562
50 40 10|50 50 10,14.705657958984375
50 40 10|50 60 10,15.954971313476562
50 40 10|50 70 10,14.848709106445312
50 40 10|50 80 10,15.56396484375
50 40 10|50 90 10,15.22064208984375
60 40 10|60 10 10,14.123916625976562
60 40 10|60 20 10,15.363693237304688
60 40 10|60 30 10,14.400482177734375
60 40 10|60 40 10,16.422271728515625
60 40 10|60 50 10,15.001296997070312
60 40 10|60 60 10,16.498565673828125
60 40 10|60 70 10,16.622543334960938
60 40 10|60 80 10,16.994476318359375
60 40 10|60 90 10,15.75469970703125
70 40 10|70 10 10,16.4031982421875
70 40 10|70 20 10,14.591217041015625
70 40 10|70 30 10,14.400482177734375
70 40 10|70 40 10,14.657974243164062
70 40 10|70 50 10,16.660690307617188
70 40 10|70 60 10,15.277862548828125
70 40 10|70 70 10,16.51763916015625
70 40 10|70 80 10,16.241073608398438
70 40 10|70 90 10,15.983581542968752
80 40 10|80 10 10,15.87867736816406
80 40 10|80 20 10,15.087127685546875
80 40 10|80 30 10,15.2587890625
80 40 10|80 40 10,16.05987548828125
80 40 10|80 50 10,15.487670898437498
80 40 10|80 60 10,15.916824340820314
80 40 10|80 70 10,16.326904296875
80 40 10|80 80 10,16.775131225585938
80 40 10|80 90 10,16.956329345703125
90 40 10|90 10 10,14.486312866210938
90 40 10|90 20 10,14.657974243164062
90 40 10|90 30 10,16.489028930664062
90 40 10|90 40 10,15.544891357421875
90 40 10|90 50 10,15.869140625
90 40 10|90 60 10,16.803741455078125
90 40 10|90 70 10,16.021728515625
90 40 10|90 80 10,16.36505126953125
90 40 10|90 90 10,18.8446044921875
50 10|10 10,14.104843139648438
50 10|20 10,13.780593872070312
50 10|30 10,13.370513916015625
50 10|40 10,13.246536254882812
50 10|50 10,13.818740844726562
50 10|60 10,13.0462646484375
50 10|70 10,12.636184692382812
50 10|80 10,14.629364013671875
50 10|90 10,13.093948364257812
10 50 10|10 10 10,14.61029052734375
10 50 10|10 20 10,14.390945434570312
10 50 10|10 30 10,13.885498046875
10 50 10|10 40 10,14.801025390625
10 50 10|10 50 10,14.467239379882812
10 50 10|10 60 10,13.647079467773438
10 50 10|10 70 10,15.239715576171875
10 50 10|10 80 10,13.980865478515625
10 50 10|10 90 10,15.115737915039062
20 50 10|20 10 10,13.837814331054688
20 50 10|20 20 10,14.019012451171875
20 50 10|20 30 10,13.265609741210938
20 50 10|20 40 10,13.456344604492188
20 50 10|20 50 10,13.561248779296875
20 50 10|20 60 10,14.095306396484375
20 50 10|20 70 10,14.963150024414062
20 50 10|20 80 10,14.1143798828125
20 50 10|20 90 10,14.295578002929688
30 50 10|30 10 10,14.829635620117188
30 50 10|30 20 10,13.704299926757812
30 50 10|30 30 10,14.45770263671875
30 50 10|30 40 10,13.608932495117188
30 50 10|30 50 10,14.68658447265625
30 50 10|30 60 10,13.942718505859375
30 50 10|30 70 10,19.550323486328125
30 50 10|30 80 10,15.153884887695312
30 50 10|30 90 10,14.667510986328125
40 50 10|40 10 10,13.5040283203125
40 50 10|40 20 10,14.181137084960938
40 50 10|40 30 10,14.200210571289062
40 50 10|40 40 10,13.532638549804688
40 50 10|40 50 10,14.34326171875
40 50 10|40 60 10,15.802383422851562
40 50 10|40 70 10,15.28739929199219
40 50 10|40 80 10,14.8773193359375
40 50 10|40 90 10,15.554428100585936
50 50 10|50 10 10,15.230178833007812
50 50 10|50 20 10,14.1143798828125
50 50 10|50 30 10,15.430450439453125
50 50 10|50 40 10,15.039443969726562
50 50 10|50 50 10,14.76287841796875
50 50 10|50 60 10,15.001296997070312
50 50 10|50 70 10,16.164779663085938
50 50 10|50 80 10,16.088485717773438
50 50 10|50 90 10,15.72608947753906
60 50 10|60 10 10,13.84735107421875
60 50 10|60 20 10,14.972686767578125
60 50 10|60 30 10,14.76287841796875
60 50 10|60 40 10,15.0299072265625
60 50 10|60 50 10,15.43998718261719
60 50 10|60 60 10,15.2587890625
60 50 10|60 70 10,17.375946044921875
60 50 10|60 80 10,16.155242919921875
60 50 10|60 90 10,16.7083740234375
70 50 10|70 10 10,14.963150024414062
70 50 10|70 20 10,15.859603881835936
70 50 10|70 30 10,16.126632690429688
70 50 10|70 40 10,15.153884887695312
70 50 10|70 50 10,15.420913696289064
70 50 10|70 60 10,15.90728759765625
70 50 10|70 70 10,16.841888427734375
70 50 10|70 80 10,15.916824340820314
70 50 10|70 90 10,17.805099487304688
80 50 10|80 10 10,14.362335205078125
80 50 10|80 20 10,15.401840209960936
80 50 10|80 30 10,16.05987548828125
80 50 10|80 40 10,17.43316650390625
80 50 10|80 50 10,18.329620361328125
80 50 10|80 60 10,16.584396362304688
80 50 10|80 70 10,16.422271728515625
80 50 10|80 80 10,17.118453979492188
80 50 10|80 90 10,16.78466796875
90 50 10|90 10 10,15.611648559570314
90 50 10|90 20 10,15.75469970703125
90 50 10|90 30 10,16.622543334960938
90 50 10|90 40 10,16.613006591796875
90 50 10|90 50 10,17.080307006835938
90 50 10|90 60 10,17.614364624023438
90 50 10|90 70 10,17.96722412109375
90 50 10|90 80 10,17.232894897460938
90 50 10|90 90 10,17.538070678710938
60 10|10 10,13.484954833984375
60 10|20 10,15.716552734375
60 10|30 10,13.332366943359375
60 10|40 10,13.8092041015625
60 10|50 10,14.123916625976562
60 10|60 10,13.532638549804688
60 10|70 10,13.5040283203125
60 10|80 10,13.885498046875
60 10|90 10,13.84735107421875
10 60 10|10 10 10,14.209747314453125
10 60 10|10 20 10,13.885498046875
10 60 10|10 30 10,14.562606811523438
10 60 10|10 40 10,14.581680297851562
10 60 10|10 50 10,13.570785522460938
10 60 10|10 60 10,13.818740844726562
10 60 10|10 70 10,14.95361328125
10 60 10|10 80 10,14.5721435546875
10 60 10|10 90 10,14.677047729492188
20 60 10|20 10 10,13.92364501953125
20 60 10|20 20 10,13.980865478515625
20 60 10|20 30 10,13.69476318359375
20 60 10|20 40 10,13.446807861328125
20 60 10|20 50 10,13.69476318359375
20 60 10|20 60 10,14.467239379882812
20 60 10|20 70 10,14.390945434570312
20 60 10|20 80 10,15.230178833007812
20 60 10|20 90 10,14.30511474609375
30 60 10|30 10 10,14.696121215820312
30 60 10|30 20 10,13.513565063476562
30 60 10|30 30 10,14.057159423828125
30 60 10|30 40 10,13.942718505859375
30 60 10|30 50 10,14.581680297851562
30 60 10|30 60 10,14.162063598632812
30 60 10|30 70 10,15.764236450195314
30 60 10|30 80 10,14.53399658203125
30 60 10|30 90 10,16.355514526367188
40 60 10|40 10 10,14.429092407226562
40 60 10|40 20 10,14.705657958984375
40 60 10|40 30 10,13.837814331054688
40 60 10|40 40 10,14.753341674804688
40 60 10|40 50 10,14.867782592773438
40 60 10|40 60 10,14.390945434570312
40 60 10|40 70 10,15.239715576171875
40 60 10|40 80 10,15.249252319335938
40 60 10|40 90 10,15.249252319335938
50 60 10|50 10 10,14.7247314453125
50 60 10|50 20 10,14.314651489257812
50 60 10|50 30 10,14.448165893554688
50 60 10|50 40 10,15.659332275390627
50 60 10|50 50 10,15.1824951171875
50 60 10|50 60 10,15.43998718261719
50 60 10|50 70 10,15.716552734375
50 60 10|50 80 10,16.498565673828125
50 60 10|50 90 10,17.137527465820312
60 60 10|60 10 10,14.896392822265625
60 60 10|60 20 10,15.74516296386719
60 60 10|60 30 10,14.638900756835938
60 60 10|60 40 10,15.516281127929688
60 60 10|60 50 10,15.60211181640625
60 60 10|60 60 10,15.935897827148438
60 60 10|60 70 10,16.717910766601562
60 60 10|60 80 10,16.44134521484375
60 60 10|60 90 10,16.13616943359375
70 60 10|70 10 10,15.75469970703125
70 60 10|70 20 10,15.268325805664064
70 60 10|70 30 10,15.106201171875
70 60 10|70 40 10,16.422271728515625
70 60 10|70 50 10,16.498565673828125
70 60 10|70 60 10,16.155242919921875
70 60 10|70 70 10,16.908645629882812
70 60 10|70 80 10,16.527175903320312
70 60 10|70 90 10,18.024444580078125
80 60 10|80 10 10,16.05987548828125
80 60 10|80 20 10,15.1824951171875
80 60 10|80 30 10,16.0980224609375
80 60 10|80 40 10,15.697479248046875
80 60 10|80 50 10,16.155242919921875
80 60 10|80 60 10,15.707015991210936
80 60 10|80 70 10,16.794204711914062
80 60 10|80 80 10,16.8609619140625
80 60 10|80 90 10,17.032623291015625
90 60 10|90 10 10,16.613006591796875
90 60 10|90 20 10,15.373229980468752
90 60 10|90 30 10,16.164779663085938
90 60 10|90 40 10,16.126632690429688
90 60 10|90 50 10,17.547607421875
90 60 10|90 60 10,16.460418701171875
90 60 10|90 70 10,17.795562744140625
90 60 10|90 80 10,16.698837280273438
90 60 10|90 90 10,18.587112426757812
70 10|10 10,13.265609741210938
70 10|20 10,13.952255249023438
70 10|30 10,13.875961303710938
70 10|40 10,13.99993896484375
70 10|50 10,14.15252685546875
70 10|60 10,13.828277587890625
70 10|70 10,14.009475708007812
70 10|80 10,13.914108276367188
70 10|90 10,14.390945434570312
10 70 10|10 10 10,14.352798461914062
10 70 10|10 20 10,13.9617919921875
10 70 10|10 30 10,13.828277587890625
10 70 10|10 40 10,13.790130615234375
10 70 10|10 50 10,14.629364013671875
10 70 10|10 60 10,13.685226440429688
10 70 10|10 70 10,14.009475708007812
10 70 10|10 80 10,14.104843139648438
10 70 10|10 90 10,14.600753784179688
20 70 10|20 10 10,13.952255249023438
20 70 10|20 20 10,14.524459838867188
20 70 10|20 30 10,14.028549194335938
20 70 10|20 40 10,14.276504516601562
20 70 10|20 50 10,13.952255249023438
20 70 10|20 60 10,13.73291015625
20 70 10|20 70 10,18.310546875
20 70 10|20 80 10,14.791488647460938
20 70 10|20 90 10,14.209747314453125
30 70 10|30 10 10,13.942718505859375
30 70 10|30 20 10,14.0380859375
30 70 10|30 30 10,14.009475708007812
30 70 10|30 40 10,14.638900756835938
30 70 10|30 50 10,15.115737915039062
30 70 10|30 60 10,14.028549194335938
30 70 10|30 70 10,14.905929565429688
30 70 10|30 80 10,14.362335205078125
30 70 10|30 90 10,14.705657958984375
40 70 10|40 10 10,14.22882080078125
40 70 10|40 20 10,14.30511474609375
40 70 10|40 30 10,14.68658447265625
40 70 10|40 40 10,14.200210571289062
40 70 10|40 50 10,15.039443969726562
40 70 10|40 60 10,15.230178833007812
40 70 10|40 70 10,14.8773193359375
40 70 10|40 80 10,14.791488647460938
40 70 10|40 90 10,16.965866088867188
50 70 10|50 10 10,14.68658447265625
50 70 10|50 20 10,14.390945434570312
50 70 10|50 30 10,14.5721435546875
50 70 10|50 40 10,15.506744384765627
50 70 10|50 50 10,15.392303466796875
50 70 10|50 60 10,15.163421630859375
50 70 10|50 70 10,16.28875732421875
50 70 10|50 80 10,17.223358154296875
50 70 10|50 90 10,17.070770263671875
60 70 10|60 10 10,14.390945434570312
60 70 10|60 20 10,15.43998718261719
60 70 10|60 30 10,15.72608947753906
60 70 10|60 40 10,17.175674438476562
60 70 10|60 50 10,15.344619750976562
60 70 10|60 60 10,16.078948974609375
60 70 10|60 70 10,16.031265258789062
60 70 10|60 80 10,16.202926635742188
60 70 10|60 90 10,16.727447509765625
70 70 10|70 10 10,15.115737915039062
70 70 10|70 20 10,15.697479248046875
70 70 10|70 30 10,15.506744384765627
70 70 10|70 40 10,16.069412231445312
70 70 10|70 50 10,16.107559204101562
70 70 10|70 60 10,16.803741455078125
70 70 10|70 70 10,16.632080078125
70 70 10|70 80 10,16.460418701171875
70 70 10|70 90 10,17.251968383789062
80 70 10|80 10 10,15.90728759765625
80 70 10|80 20 10,15.802383422851562
80 70 10|80 30 10,16.222000122070312
80 70 10|80 40 10,15.75469970703125
80 70 10|80 50 10,16.536712646484375
80 70 10|80 60 10,16.088485717773438
80 70 10|80 70 10,17.747879028320312
80 70 10|80 80 10,17.08984375
80 70 10|80 90 10,17.223358154296875
90 70 10|90 10 10,15.43998718261719
90 70 10|90 20 10,17.137527465820312
90 70 10|90 30 10,15.802383422851562
90 70 10|90 40 10,16.307830810546875
90 70 10|90 50 10,17.948150634765625
90 70 10|90 60 10,20.265579223632812
90 70 10|90 70 10,17.58575439453125
90 70 10|90 80 10,16.422271728515625
90 70 10|90 90 10,17.271041870117188
80 10|10 10,14.390945434570312
80 10|20 10,14.162063598632812
80 10|30 10,14.553070068359375
80 10|40 10,14.352798461914062
80 10|50 10,14.753341674804688
80 10|60 10,13.446807861328125
80 10|70 10,15.020370483398438
80 10|80 10,14.171600341796875
80 10|90 10,15.306472778320312
10 80 10|10 10 10,14.6484375
10 80 10|10 20 10,14.543533325195312
10 80 10|10 30 10,15.29693603515625
10 80 10|10 40 10,15.249252319335938
10 80 10|10 50 10,15.106201171875
10 80 10|10 60 10,14.047622680664062
10 80 10|10 70 10,14.476776123046875
10 80 10|10 80 10,13.866424560546875
10 80 10|10 90 10,15.354156494140627
20 80 10|20 10 10,14.276504516601562
20 80 10|20 20 10,14.858245849609375
20 80 10|20 30 10,14.295578002929688
20 80 10|20 40 10,14.619827270507812
20 80 10|20 50 10,14.467239379882812
20 80 10|20 60 10,14.352798461914062
20 80 10|20 70 10,15.621185302734373
20 80 10|20 80 10,15.821456909179688
20 80 10|20 90 10,14.5721435546875
30 80 10|30 10 10,15.14434814453125
30 80 10|30 20 10,14.047622680664062
30 80 10|30 30 10,16.031265258789062
30 80 10|30 40 10,15.115737915039062
30 80 10|30 50 10,14.543533325195312
30 80 10|30 60 10,14.30511474609375
30 80 10|30 70 10,14.8773193359375
30 80 10|30 80 10,15.535354614257812
30 80 10|30 90 10,15.096664428710938
40 80 10|40 10 10,14.438629150390625
40 80 10|40 20 10,13.952255249023438
40 80 10|40 30 10,14.734268188476562
40 80 10|40 40 10,15.0299072265625
40 80 10|40 50 10,15.010833740234375
40 80 10|40 60 10,15.058517456054688
40 80 10|40 70 10,15.506744384765627
40 80 10|40 80 10,16.679763793945312
40 80 10|40 90 10,15.974044799804688
50 80 10|50 10 10,15.316009521484373
50 80 10|50 20 10,14.83917236328125
50 80 10|50 30 10,15.544891357421875
50 80 10|50 40 10,15.249252319335938
50 80 10|50 50 10,15.859603881835936
50 80 10|50 60 10,16.908645629882812
50 80 10|50 70 10,15.344619750976562
50 80 10|50 80 10,16.736984252929688
50 80 10|50 90 10,16.126632690429688
60 80 10|60 10 10,15.14434814453125
60 80 10|60 20 10,16.078948974609375
60 80 10|60 30 10,15.487670898437498
